ξ nmmum oomx 15
ἰξ offla onio ordo Ordo

w baa· nundi nme · . Boe-ndi nomer 1309·th notun·

k 211 122 247 287 283 55 3145 208
r 212 112 248 182 284 178 3141 207
’ 213 v123 249 183 285 179 314g 208
214 134 250 147 288 180 315 223
215 120 251 224 287 221 318 209
218 129, 252 144 288 188 317 175

 

 

217 98 253 145 289 188 318 178
218 95 · 254 140 290 189 319 177
219 97 255 173 291 187 320 225
220 109 258 142 292 189 321 191
221 110 257 148 293 188 322 228
222 114 258 181 294 192 323 215
223 115 259 182 295 193 324 227
224 118 280 143 298 194 325 228
225 117 281 297 195 328 229
228 128 282 ξ 149 298 198 327 230
227 125 283 3 299 197 328 231
228 118 284 150 300 200 329 235
229 131 265 301 v. pag. 10 330 234
230 133 288 154 302 198 331 211
231 132 287 157 303 199 332 210
“ 232 151 288 152 304 212 333 213
233 148 289 155 305 214 334 282
234 113 270 158 308 , , 335 233
235 92 271 158 ¹ 307 219 338 232
238 93 272 183 308 218 337 238
237 181 273 174 309 159 338 240
238 139 274 · 170 310 119 339 243
239 124 275 185 311 22 340 244
240 138 278 184 312 288 341 242
241 · 130 277 187 1 313 184 342 241
242 137 278 171 3 314 201 343 258
243 138 279 172 ÷ 314a 202 344 257
244 153 280 185 ⁴ 314b 203 345 245
245 220 281 ν.ρα313 , 3145 204 348 248
248 288 282 54 I 314d 205 347 255

